R2
all_metrics(:,:,1)

ans =

    0.7689    0.6689    0.6643    0.6712
    0.7901    0.7641    0.7313    0.7201
    0.8183    0.7955    0.7731    0.7511
    0.8296    0.8082    0.8066    0.7849

RMSE
all_metrics(:,:,2)

ans =

   16.4652   19.6987   19.8373   19.6345
   15.6889   16.6347   17.7532   18.1234
   14.5991   15.4876   16.3031   17.0859
   14.1383   14.9938   15.0629   15.8850

Sindiasmoi dokimwn
val(:,:,1) =

     5     5     5     5
     8     8     8     8
    11    11    11    11
    14    14    14    14


val(:,:,2) =

    0.4000    0.6000    0.8000    1.0000
    0.4000    0.6000    0.8000    1.0000
    0.4000    0.6000    0.8000    1.0000
    0.4000    0.6000    0.8000    1.0000
